3	1	-70.59999	
3	2	-70.59998	
3	3	-70.59998	
3	4	-70.59997	
3	5	-70.59997	
3	6	-70.59996	
3	7	-70.59996	
3	8	-70.59995	
3	9	-70.59995	
3	10	-70.59995	
3	11	-70.59994	
3	12	-70.59994	
3	13	-70.59994	
3	14	-70.59994	
3	15	-70.59993	
3	16	-70.59993	
3	17	-70.59993	
3	18	-70.59993	
3	19	-70.59993	
3	20	-70.59993	
3	21	-70.59993	
3	22	-70.59993	
3	23	-70.59992	
3	24	-70.59992	
3	25	-70.59992	
3	26	-70.59992	
3	27	-70.59992	
3	28	-70.59992	
3	29	-70.59992	
3	30	-70.59992	
3	31	-70.59992	
3	32	-70.59992	
3	33	-70.59992	
3	34	-70.59992	
3	35	-70.59992	
3	36	-70.59992	
3	37	-70.59992	
3	38	-70.59992	
3	39	-70.59992	
3	40	-70.59992	
3	41	-70.59992	
3	42	-70.59992	
3	43	-70.59992	
3	44	-70.59992	
3	45	-70.59992	
3	46	-70.59992	
3	47	-70.59992	
3	48	-70.59992	
3	49	-70.59992	
3	50	-70.59992	
3	51	-70.59992	
3	52	-70.59992	
3	53	-70.59992	
3	54	-70.59992	
3	55	-70.59992	
3	56	-70.59992	
3	57	-70.59992	
3	58	-70.59992	
3	59	-70.59992	
3	60	-70.59992	
3	61	-70.59992	
3	62	-70.59992	
3	63	-70.59992	
3	64	-70.59992	
3	65	-70.59992	
3	66	-70.59992	
3	67	-70.59992	
3	68	-70.59992	
3	69	-70.59992	
3	70	-70.59992	
3	71	-70.59992	
3	72	-70.59992	
3	73	-70.59992	
3	74	-70.59992	
3	75	-70.59992	
3	76	-70.59992	
3	77	-70.59992	
3	78	-70.59992	
3	79	-70.59992	
3	80	-70.59992	
3	81	-70.59992	
3	82	-70.59992	
3	83	-70.59992	
3	84	-70.59992	
3	85	-70.59992	
3	86	-70.59992	
3	87	-70.59992	
3	88	-70.59992	
3	89	-70.59992	
3	90	-70.59992	
3	91	-70.59992	
3	92	-70.59992	
3	93	-70.59992	
3	94	-70.59992	
3	95	-70.59992	
3	96	-70.59992	
3	97	-70.59992	
3	98	-70.59992	
3	99	-70.59992	
3	100	-70.59992	
3	101	-70.59992	
3	102	-70.59992	
3	103	-70.59992	
3	104	-70.59992	
3	105	-70.59992	
3	106	-70.59992	
3	107	-70.59992	
3	108	-70.59992	
3	109	-70.59992	
3	110	-70.59992	
3	111	-70.59990	
3	112	-70.59986	
3	113	-70.59979	
3	114	-70.59970	
3	115	-70.59958	
3	116	-70.59945	
3	117	-70.59930	
3	118	-70.59914	
3	119	-70.59897	
3	120	-70.59879	
3	121	-70.59859	
3	122	-70.59839	
3	123	-70.59818	
3	124	-70.59796	
3	125	-70.59774	
3	126	-70.59751	
3	127	-70.59728	
3	128	-70.59705	
3	129	-70.59681	
3	130	-70.59657	
3	131	-70.59633	
3	132	-70.59608	
3	133	-70.59584	
3	134	-70.59559	
3	135	-70.59535	
3	136	-70.59510	
3	137	-70.59486	
3	138	-70.59461	
3	139	-70.59436	
3	140	-70.59412	
3	141	-70.59387	
3	142	-70.59363	
3	143	-70.59339	
3	144	-70.59314	
3	145	-70.59290	
3	146	-70.59266	
3	147	-70.59242	
3	148	-70.59219	
3	149	-70.59195	
3	150	-70.59171	
3	151	-70.59148	
3	152	-70.59125	
3	153	-70.59102	
3	154	-70.59079	
3	155	-70.59056	
3	156	-70.59033	
3	157	-70.59011	
3	158	-70.58989	
3	159	-70.58967	
3	160	-70.58945	
3	161	-70.58923	
3	162	-70.58901	
3	163	-70.58880	
3	164	-70.58858	
3	165	-70.58837	
3	166	-70.58816	
3	167	-70.58795	
3	168	-70.58775	
3	169	-70.58754	
3	170	-70.58734	
3	171	-70.58714	
3	172	-70.58694	
3	173	-70.58674	
3	174	-70.58654	
3	175	-70.58634	
3	176	-70.58615	
3	177	-70.58596	
3	178	-70.58577	
3	179	-70.58558	
3	180	-70.58539	
3	181	-70.58521	
3	182	-70.58502	
3	183	-70.58484	
3	184	-70.58466	
3	185	-70.58448	
3	186	-70.58430	
3	187	-70.58412	
3	188	-70.58395	
3	189	-70.58378	
3	190	-70.58360	
3	191	-70.58343	
3	192	-70.58326	
3	193	-70.58310	
3	194	-70.58293	
3	195	-70.58276	
3	196	-70.58260	
3	197	-70.58244	
3	198	-70.58228	
3	199	-70.58212	
3	200	-70.58196	
3	201	-70.58181	
3	202	-70.58165	
3	203	-70.58150	
3	204	-70.58135	
3	205	-70.58120	
3	206	-70.58105	
3	207	-70.58090	
3	208	-70.58075	
3	209	-70.58061	
3	210	-70.58046	
3	211	-70.58032	
3	212	-70.58018	
3	213	-70.58004	
3	214	-70.57990	
3	215	-70.57976	
3	216	-70.57963	
3	217	-70.57949	
3	218	-70.57936	
3	219	-70.57923	
3	220	-70.57909	
3	221	-70.57896	
3	222	-70.57884	
3	223	-70.57871	
3	224	-70.57858	
3	225	-70.57846	
3	226	-70.57833	
3	227	-70.57821	
3	228	-70.57809	
3	229	-70.57797	
3	230	-70.57785	
3	231	-70.57773	
3	232	-70.57762	
3	233	-70.57750	
3	234	-70.57739	
3	235	-70.57727	
3	236	-70.57716	
3	237	-70.57705	
3	238	-70.57694	
3	239	-70.57683	
3	240	-70.57672	
3	241	-70.57662	
3	242	-70.57651	
3	243	-70.57641	
3	244	-70.57630	
3	245	-70.57620	
3	246	-70.57610	
3	247	-70.57600	
3	248	-70.57590	
3	249	-70.57580	
3	250	-70.57571	
3	251	-70.57561	
3	252	-70.57551	
3	253	-70.57542	
3	254	-70.57533	
3	255	-70.57524	
3	256	-70.57514	
3	257	-70.57505	
3	258	-70.57497	
3	259	-70.57488	
3	260	-70.57479	
3	261	-70.57470	
3	262	-70.57462	
3	263	-70.57454	
3	264	-70.57445	
3	265	-70.57437	
3	266	-70.57429	
3	267	-70.57421	
3	268	-70.57413	
3	269	-70.57405	
3	270	-70.57397	
3	271	-70.57390	
3	272	-70.57382	
3	273	-70.57375	
3	274	-70.57367	
3	275	-70.57360	
3	276	-70.57353	
3	277	-70.57345	
3	278	-70.57338	
3	279	-70.57331	
3	280	-70.57325	
3	281	-70.57318	
3	282	-70.57311	
3	283	-70.57304	
3	284	-70.57298	
3	285	-70.57291	
3	286	-70.57285	
3	287	-70.57279	
3	288	-70.57273	
3	289	-70.57266	
3	290	-70.57260	
3	291	-70.57254	
3	292	-70.57248	
3	293	-70.57243	
3	294	-70.57237	
3	295	-70.57231	
3	296	-70.57226	
3	297	-70.57220	
3	298	-70.57215	
3	299	-70.57209	
3	300	-70.57204	
3	301	-70.57199	
3	302	-70.57194	
3	303	-70.57189	
3	304	-70.57184	
3	305	-70.57179	
3	306	-70.57174	
3	307	-70.57169	
3	308	-70.57164	
3	309	-70.57160	
3	310	-70.57155	
3	311	-70.57151	
3	312	-70.57146	
3	313	-70.57142	
3	314	-70.57138	
3	315	-70.57133	
3	316	-70.57129	
3	317	-70.57125	
3	318	-70.57121	
3	319	-70.57117	
3	320	-70.57113	
3	321	-70.57109	
3	322	-70.57106	
3	323	-70.57102	
3	324	-70.57098	
3	325	-70.57095	
3	326	-70.57091	
3	327	-70.57088	
3	328	-70.57084	
3	329	-70.57081	
3	330	-70.57078	
3	331	-70.57075	
3	332	-70.57072	
3	333	-70.57069	
3	334	-70.57066	
3	335	-70.57063	
3	336	-70.57060	
3	337	-70.57057	
3	338	-70.57054	
3	339	-70.57051	
3	340	-70.57049	
3	341	-70.57046	
3	342	-70.57043	
3	343	-70.57041	
3	344	-70.57039	
3	345	-70.57036	
3	346	-70.57034	
3	347	-70.57032	
3	348	-70.57029	
3	349	-70.57027	
3	350	-70.57025	
3	351	-70.57023	
3	352	-70.57021	
3	353	-70.57019	
3	354	-70.57017	
3	355	-70.57015	
3	356	-70.57013	
3	357	-70.57012	
3	358	-70.57010	
3	359	-70.57008	
3	360	-70.57007	
3	361	-70.57005	
3	362	-70.57004	
3	363	-70.57002	
3	364	-70.57001	
3	365	-70.56999	
3	366	-70.56998	
3	367	-70.56997	
3	368	-70.56996	
3	369	-70.56995	
3	370	-70.56993	
3	371	-70.56992	
3	372	-70.56991	
3	373	-70.56990	
3	374	-70.56989	
3	375	-70.56988	
3	376	-70.56988	
3	377	-70.56987	
3	378	-70.56986	
3	379	-70.56985	
3	380	-70.56985	
3	381	-70.56984	
3	382	-70.56983	
3	383	-70.56983	
3	384	-70.56982	
3	385	-70.56982	
3	386	-70.56981	
3	387	-70.56981	
3	388	-70.56981	
3	389	-70.56980	
3	390	-70.56980	
3	391	-70.56980	
3	392	-70.56980	
3	393	-70.56980	
3	394	-70.56979	
3	395	-70.56979	
3	396	-70.56979	
3	397	-70.56979	
3	398	-70.56979	
3	399	-70.56980	
3	400	-70.56980	
3	401	-70.56980	
3	402	-70.56980	
3	403	-70.56980	
3	404	-70.56980	
3	405	-70.56981	
3	406	-70.56981	
3	407	-70.56981	
3	408	-70.56982	
3	409	-70.56982	
3	410	-70.56983	
3	411	-70.56983	
3	412	-70.56984	
3	413	-70.56984	
3	414	-70.56985	
3	415	-70.56986	
3	416	-70.56986	
3	417	-70.56987	
3	418	-70.56988	
3	419	-70.56989	
3	420	-70.56989	
3	421	-70.56990	
3	422	-70.56991	
3	423	-70.56992	
3	424	-70.56993	
3	425	-70.56994	
3	426	-70.56995	
3	427	-70.56996	
3	428	-70.56997	
3	429	-70.56998	
3	430	-70.56999	
3	431	-70.57000	
3	432	-70.57001	
3	433	-70.57003	
3	434	-70.57004	
3	435	-70.57005	
3	436	-70.57006	
3	437	-70.57008	
3	438	-70.57009	
3	439	-70.57010	
3	440	-70.57012	
3	441	-70.57013	
3	442	-70.57015	
3	443	-70.57016	
3	444	-70.57018	
3	445	-70.57019	
3	446	-70.57021	
3	447	-70.57022	
3	448	-70.57024	
3	449	-70.57026	
3	450	-70.57027	
3	451	-70.57029	
3	452	-70.57031	
3	453	-70.57032	
3	454	-70.57034	
3	455	-70.57036	
3	456	-70.57038	
3	457	-70.57039	
3	458	-70.57041	
3	459	-70.57043	
3	460	-70.57045	
3	461	-70.57047	
3	462	-70.57049	
3	463	-70.57051	
3	464	-70.57053	
3	465	-70.57055	
3	466	-70.57057	
3	467	-70.57059	
3	468	-70.57061	
3	469	-70.57063	
3	470	-70.57065	
3	471	-70.57067	
3	472	-70.57069	
3	473	-70.57072	
3	474	-70.57074	
3	475	-70.57076	
3	476	-70.57078	
3	477	-70.57080	
3	478	-70.57083	
3	479	-70.57085	
3	480	-70.57087	
3	481	-70.57090	
3	482	-70.57092	
3	483	-70.57094	
3	484	-70.57097	
3	485	-70.57099	
3	486	-70.57102	
3	487	-70.57104	
3	488	-70.57106	
3	489	-70.57109	
3	490	-70.57111	
3	491	-70.57114	
3	492	-70.57117	
3	493	-70.57119	
3	494	-70.57122	
3	495	-70.57124	
3	496	-70.57127	
3	497	-70.57129	
3	498	-70.57132	
3	499	-70.57135	
3	500	-70.57137	
3	501	-70.57140	
3	502	-70.57143	
3	503	-70.57145	
3	504	-70.57148	
3	505	-70.57151	
3	506	-70.57154	
3	507	-70.57156	
3	508	-70.57159	
3	509	-70.57162	
3	510	-70.57165	
3	511	-70.57168	
3	512	-70.57170	
3	513	-70.57173	
3	514	-70.57176	
3	515	-70.57179	
3	516	-70.57182	
3	517	-70.57185	
3	518	-70.57188	
3	519	-70.57191	
3	520	-70.57194	
3	521	-70.57197	
3	522	-70.57200	
3	523	-70.57203	
3	524	-70.57206	
3	525	-70.57209	
3	526	-70.57212	
3	527	-70.57215	
3	528	-70.57218	
3	529	-70.57221	
3	530	-70.57224	
3	531	-70.57227	
3	532	-70.57230	
3	533	-70.57233	
3	534	-70.57236	
3	535	-70.57239	
3	536	-70.57243	
3	537	-70.57246	
3	538	-70.57249	
3	539	-70.57252	
3	540	-70.57255	
3	541	-70.57258	
3	542	-70.57262	
3	543	-70.57265	
3	544	-70.57268	
3	545	-70.57271	
3	546	-70.57275	
3	547	-70.57278	
3	548	-70.57281	
3	549	-70.57284	
3	550	-70.57288	
3	551	-70.57291	
3	552	-70.57294	
3	553	-70.57298	
3	554	-70.57301	
3	555	-70.57304	
3	556	-70.57308	
3	557	-70.57311	
3	558	-70.57314	
3	559	-70.57318	
3	560	-70.57321	
3	561	-70.57324	
3	562	-70.57328	
3	563	-70.57331	
3	564	-70.57335	
3	565	-70.57338	
3	566	-70.57341	
3	567	-70.57345	
3	568	-70.57348	
3	569	-70.57352	
3	570	-70.57355	
3	571	-70.57359	
3	572	-70.57362	
3	573	-70.57366	
3	574	-70.57369	
3	575	-70.57373	
3	576	-70.57376	
3	577	-70.57380	
3	578	-70.57383	
3	579	-70.57387	
3	580	-70.57390	
3	581	-70.57394	
3	582	-70.57397	
3	583	-70.57401	
3	584	-70.57404	
3	585	-70.57408	
3	586	-70.57411	
3	587	-70.57415	
3	588	-70.57418	
3	589	-70.57422	
3	590	-70.57426	
3	591	-70.57429	
3	592	-70.57433	
3	593	-70.57436	
3	594	-70.57440	
3	595	-70.57444	
3	596	-70.57447	
3	597	-70.57451	
3	598	-70.57454	
3	599	-70.57458	
3	600	-70.57462	
3	601	-70.57465	
3	602	-70.57469	
3	603	-70.57473	
3	604	-70.57476	
3	605	-70.57480	
3	606	-70.57484	
3	607	-70.57487	
3	608	-70.57491	
3	609	-70.57495	
3	610	-70.57498	
3	611	-70.57502	
3	612	-70.57506	
3	613	-70.57509	
3	614	-70.57513	
3	615	-70.57517	
3	616	-70.57520	
3	617	-70.57524	
3	618	-70.57528	
3	619	-70.57531	
3	620	-70.57535	
3	621	-70.57539	
3	622	-70.57543	
3	623	-70.57546	
3	624	-70.57550	
3	625	-70.57554	
3	626	-70.57557	
3	627	-70.57561	
3	628	-70.57565	
3	629	-70.57569	
3	630	-70.57572	
3	631	-70.57576	
3	632	-70.57580	
3	633	-70.57584	
3	634	-70.57587	
3	635	-70.57591	
3	636	-70.57595	
3	637	-70.57599	
3	638	-70.57602	
3	639	-70.57606	
3	640	-70.57610	
3	641	-70.57614	
3	642	-70.57617	
3	643	-70.57621	
3	644	-70.57625	
3	645	-70.57629	
3	646	-70.57632	
3	647	-70.57636	
3	648	-70.57640	
3	649	-70.57644	
3	650	-70.57647	
3	651	-70.57651	
3	652	-70.57655	
3	653	-70.57659	
3	654	-70.57663	
3	655	-70.57666	
3	656	-70.57670	
3	657	-70.57674	
3	658	-70.57678	
3	659	-70.57681	
3	660	-70.57685	
3	661	-70.57689	
3	662	-70.57693	
3	663	-70.57697	
3	664	-70.57700	
3	665	-70.57704	
3	666	-70.57708	
3	667	-70.57712	
3	668	-70.57715	
3	669	-70.57719	
3	670	-70.57723	
3	671	-70.57727	
3	672	-70.57731	
3	673	-70.57734	
3	674	-70.57738	
3	675	-70.57742	
3	676	-70.57746	
3	677	-70.57750	
3	678	-70.57753	
3	679	-70.57757	
3	680	-70.57761	
3	681	-70.57765	
3	682	-70.57768	
3	683	-70.57772	
3	684	-70.57776	
3	685	-70.57780	
3	686	-70.57784	
3	687	-70.57787	
3	688	-70.57791	
3	689	-70.57795	
3	690	-70.57799	
3	691	-70.57803	
3	692	-70.57806	
3	693	-70.57810	
3	694	-70.57814	
3	695	-70.57818	
3	696	-70.57821	
3	697	-70.57825	
3	698	-70.57829	
3	699	-70.57833	
3	700	-70.57836	
3	701	-70.57840	
3	702	-70.57844	
3	703	-70.57848	
3	704	-70.57852	
3	705	-70.57855	
3	706	-70.57859	
3	707	-70.57863	
3	708	-70.57867	
3	709	-70.57870	
3	710	-70.57874	
3	711	-70.57878	
3	712	-70.57882	
3	713	-70.57885	
3	714	-70.57889	
3	715	-70.57893	
3	716	-70.57897	
3	717	-70.57900	
3	718	-70.57904	
3	719	-70.57908	
3	720	-70.57912	
3	721	-70.57915	
3	722	-70.57919	
3	723	-70.57923	
3	724	-70.57927	
3	725	-70.57930	
3	726	-70.57934	
3	727	-70.57938	
3	728	-70.57941	
3	729	-70.57945	
3	730	-70.57949	
3	731	-70.57953	
3	732	-70.57956	
3	733	-70.57960	
3	734	-70.57964	
3	735	-70.57967	
3	736	-70.57971	
3	737	-70.57975	
3	738	-70.57979	
3	739	-70.57982	
3	740	-70.57986	
3	741	-70.57990	
3	742	-70.57993	
3	743	-70.57997	
3	744	-70.58001	
3	745	-70.58004	
3	746	-70.58008	
3	747	-70.58012	
3	748	-70.58015	
3	749	-70.58019	
3	750	-70.58023	
3	751	-70.58026	
3	752	-70.58030	
3	753	-70.58034	
3	754	-70.58037	
3	755	-70.58041	
3	756	-70.58045	
3	757	-70.58048	
3	758	-70.58052	
3	759	-70.58056	
3	760	-70.58059	
3	761	-70.58063	
3	762	-70.58067	
3	763	-70.58070	
3	764	-70.58074	
3	765	-70.58078	
3	766	-70.58081	
3	767	-70.58085	
3	768	-70.58088	
3	769	-70.58092	
3	770	-70.58096	
3	771	-70.58099	
3	772	-70.58103	
3	773	-70.58106	
3	774	-70.58110	
3	775	-70.58114	
3	776	-70.58117	
3	777	-70.58121	
3	778	-70.58124	
3	779	-70.58128	
3	780	-70.58132	
3	781	-70.58135	
3	782	-70.58139	
3	783	-70.58142	
3	784	-70.58146	
3	785	-70.58149	
3	786	-70.58153	
3	787	-70.58156	
3	788	-70.58160	
3	789	-70.58164	
3	790	-70.58167	
3	791	-70.58171	
3	792	-70.58174	
3	793	-70.58178	
3	794	-70.58181	
3	795	-70.58185	
3	796	-70.58188	
3	797	-70.58192	
3	798	-70.58195	
3	799	-70.58199	
3	800	-70.58202	
3	801	-70.58206	
3	802	-70.58209	
3	803	-70.58213	
3	804	-70.58216	
3	805	-70.58220	
3	806	-70.58223	
3	807	-70.58227	
3	808	-70.58230	
3	809	-70.58234	
3	810	-70.58237	
3	811	-70.58241	
3	812	-70.58244	
3	813	-70.58248	
3	814	-70.58251	
3	815	-70.58255	
3	816	-70.58258	
3	817	-70.58261	
3	818	-70.58265	
3	819	-70.58268	
3	820	-70.58272	
3	821	-70.58275	
3	822	-70.58279	
3	823	-70.58282	
3	824	-70.58285	
3	825	-70.58289	
3	826	-70.58292	
3	827	-70.58296	
3	828	-70.58299	
3	829	-70.58302	
3	830	-70.58306	
3	831	-70.58309	
3	832	-70.58313	
3	833	-70.58316	
3	834	-70.58319	
3	835	-70.58323	
3	836	-70.58326	
3	837	-70.58329	
3	838	-70.58333	
3	839	-70.58336	
3	840	-70.58339	
3	841	-70.58343	
3	842	-70.58346	
3	843	-70.58349	
3	844	-70.58353	
3	845	-70.58356	
3	846	-70.58359	
3	847	-70.58363	
3	848	-70.58366	
3	849	-70.58369	
3	850	-70.58373	
3	851	-70.58376	
3	852	-70.58379	
3	853	-70.58383	
3	854	-70.58386	
3	855	-70.58389	
3	856	-70.58392	
3	857	-70.58396	
3	858	-70.58399	
3	859	-70.58402	
3	860	-70.58405	
3	861	-70.58409	
3	862	-70.58412	
3	863	-70.58415	
3	864	-70.58418	
3	865	-70.58422	
3	866	-70.58425	
3	867	-70.58428	
3	868	-70.58431	
3	869	-70.58435	
3	870	-70.58438	
3	871	-70.58441	
3	872	-70.58444	
3	873	-70.58447	
3	874	-70.58451	
3	875	-70.58454	
3	876	-70.58457	
3	877	-70.58460	
3	878	-70.58463	
3	879	-70.58467	
3	880	-70.58470	
3	881	-70.58473	
3	882	-70.58476	
3	883	-70.58479	
3	884	-70.58482	
3	885	-70.58486	
3	886	-70.58489	
3	887	-70.58492	
3	888	-70.58495	
3	889	-70.58498	
3	890	-70.58501	
3	891	-70.58504	
3	892	-70.58507	
3	893	-70.58511	
3	894	-70.58514	
3	895	-70.58517	
3	896	-70.58520	
3	897	-70.58523	
3	898	-70.58526	
3	899	-70.58529	
3	900	-70.58532	
3	901	-70.58535	
3	902	-70.58538	
3	903	-70.58541	
3	904	-70.58544	
3	905	-70.58547	
3	906	-70.58551	
3	907	-70.58554	
3	908	-70.58557	
3	909	-70.58560	
3	910	-70.58563	
3	911	-70.58566	
3	912	-70.58569	
3	913	-70.58572	
3	914	-70.58575	
3	915	-70.58578	
3	916	-70.58581	
3	917	-70.58584	
3	918	-70.58587	
3	919	-70.58590	
3	920	-70.58593	
3	921	-70.58596	
3	922	-70.58599	
3	923	-70.58602	
3	924	-70.58605	
3	925	-70.58608	
3	926	-70.58611	
3	927	-70.58613	
3	928	-70.58616	
3	929	-70.58619	
3	930	-70.58622	
3	931	-70.58625	
3	932	-70.58628	
3	933	-70.58631	
3	934	-70.58634	
3	935	-70.58637	
3	936	-70.58640	
3	937	-70.58643	
3	938	-70.58646	
3	939	-70.58649	
3	940	-70.58651	
3	941	-70.58654	
3	942	-70.58657	
3	943	-70.58660	
3	944	-70.58663	
3	945	-70.58666	
3	946	-70.58669	
3	947	-70.58672	
3	948	-70.58674	
3	949	-70.58677	
3	950	-70.58680	
3	951	-70.58683	
3	952	-70.58686	
3	953	-70.58689	
3	954	-70.58691	
3	955	-70.58694	
3	956	-70.58697	
3	957	-70.58700	
3	958	-70.58703	
3	959	-70.58705	
3	960	-70.58708	
3	961	-70.58711	
3	962	-70.58714	
3	963	-70.58717	
3	964	-70.58719	
3	965	-70.58722	
3	966	-70.58725	
3	967	-70.58728	
3	968	-70.58730	
3	969	-70.58733	
3	970	-70.58736	
3	971	-70.58739	
3	972	-70.58741	
3	973	-70.58744	
3	974	-70.58747	
3	975	-70.58750	
3	976	-70.58752	
3	977	-70.58755	
3	978	-70.58758	
3	979	-70.58760	
3	980	-70.58763	
3	981	-70.58766	
3	982	-70.58768	
3	983	-70.58771	
3	984	-70.58774	
3	985	-70.58777	
3	986	-70.58779	
3	987	-70.58782	
3	988	-70.58785	
3	989	-70.58787	
3	990	-70.58790	
3	991	-70.58792	
3	992	-70.58795	
3	993	-70.58798	
3	994	-70.58800	
3	995	-70.58803	
3	996	-70.58806	
3	997	-70.58808	
3	998	-70.58811	
3	999	-70.58813	
3	1000	-70.58816	
3	1001	-70.58819	
3	1002	-70.58821	
3	1003	-70.58824	
3	1004	-70.58826	
3	1005	-70.58829	
3	1006	-70.58832	
3	1007	-70.58834	
3	1008	-70.58837	
3	1009	-70.58839	
3	1010	-70.58842	
3	1011	-70.58844	
3	1012	-70.58847	
3	1013	-70.58850	
3	1014	-70.58852	
3	1015	-70.58855	
3	1016	-70.58857	
3	1017	-70.58860	
3	1018	-70.58862	
3	1019	-70.58865	
3	1020	-70.58867	
3	1021	-70.58870	
3	1022	-70.58872	
3	1023	-70.58875	
3	1024	-70.58877	
3	1025	-70.58880	
3	1026	-70.58882	
3	1027	-70.58885	
3	1028	-70.58887	
3	1029	-70.58890	
3	1030	-70.58892	
3	1031	-70.58895	
3	1032	-70.58897	
3	1033	-70.58899	
3	1034	-70.58902	
3	1035	-70.58904	
3	1036	-70.58907	
3	1037	-70.58909	
3	1038	-70.58912	
3	1039	-70.58914	
3	1040	-70.58917	
3	1041	-70.58919	
3	1042	-70.58921	
3	1043	-70.58924	
3	1044	-70.58926	
3	1045	-70.58929	
3	1046	-70.58931	
3	1047	-70.58933	
3	1048	-70.58936	
3	1049	-70.58938	
3	1050	-70.58940	
3	1051	-70.58943	
3	1052	-70.58945	
3	1053	-70.58948	
3	1054	-70.58950	
3	1055	-70.58952	
3	1056	-70.58955	
3	1057	-70.58957	
3	1058	-70.58959	
3	1059	-70.58962	
3	1060	-70.58964	
3	1061	-70.58966	
3	1062	-70.58969	
3	1063	-70.58971	
3	1064	-70.58973	
3	1065	-70.58976	
3	1066	-70.58978	
3	1067	-70.58980	
3	1068	-70.58982	
3	1069	-70.58985	
3	1070	-70.58987	
3	1071	-70.58989	
3	1072	-70.58992	
3	1073	-70.58994	
3	1074	-70.58996	
3	1075	-70.58998	
3	1076	-70.59001	
3	1077	-70.59003	
3	1078	-70.59005	
3	1079	-70.59007	
3	1080	-70.59010	
3	1081	-70.59012	
3	1082	-70.59014	
3	1083	-70.59016	
3	1084	-70.59019	
3	1085	-70.59021	
3	1086	-70.59023	
3	1087	-70.59025	
3	1088	-70.59027	
3	1089	-70.59030	
3	1090	-70.59032	
3	1091	-70.59034	
3	1092	-70.59036	
3	1093	-70.59038	
3	1094	-70.59041	
3	1095	-70.59043	
3	1096	-70.59045	
3	1097	-70.59047	
3	1098	-70.59049	
3	1099	-70.59051	
3	1100	-70.59054	
3	1101	-70.59051	
3	1102	-70.59039	
3	1103	-70.59020	
3	1104	-70.58994	
3	1105	-70.58961	
3	1106	-70.58923	
3	1107	-70.58881	
3	1108	-70.58834	
3	1109	-70.58784	
3	1110	-70.58731	
3	1111	-70.58676	
3	1112	-70.58618	
3	1113	-70.58558	
3	1114	-70.58497	
3	1115	-70.58434	
3	1116	-70.58371	
3	1117	-70.58306	
3	1118	-70.58241	
3	1119	-70.58176	
3	1120	-70.58110	
3	1121	-70.58045	
3	1122	-70.57979	
3	1123	-70.57913	
3	1124	-70.57848	
3	1125	-70.57783	
3	1126	-70.57718	
3	1127	-70.57653	
3	1128	-70.57590	
3	1129	-70.57526	
3	1130	-70.57464	
3	1131	-70.57402	
3	1132	-70.57340	
3	1133	-70.57279	
3	1134	-70.57219	
3	1135	-70.57160	
3	1136	-70.57102	
3	1137	-70.57044	
3	1138	-70.56987	
3	1139	-70.56931	
3	1140	-70.56876	
3	1141	-70.56822	
3	1142	-70.56768	
3	1143	-70.56715	
3	1144	-70.56663	
3	1145	-70.56612	
3	1146	-70.56562	
3	1147	-70.56513	
3	1148	-70.56464	
3	1149	-70.56416	
3	1150	-70.56369	
3	1151	-70.56323	
3	1152	-70.56278	
3	1153	-70.56233	
3	1154	-70.56190	
3	1155	-70.56147	
3	1156	-70.56105	
3	1157	-70.56063	
3	1158	-70.56023	
3	1159	-70.55983	
3	1160	-70.55944	
3	1161	-70.55905	
3	1162	-70.55868	
3	1163	-70.55831	
3	1164	-70.55795	
3	1165	-70.55760	
3	1166	-70.55725	
3	1167	-70.55691	
3	1168	-70.55658	
3	1169	-70.55625	
3	1170	-70.55593	
3	1171	-70.55562	
3	1172	-70.55531	
3	1173	-70.55501	
3	1174	-70.55472	
3	1175	-70.55444	
3	1176	-70.55416	
3	1177	-70.55388	
3	1178	-70.55362	
3	1179	-70.55335	
3	1180	-70.55310	
3	1181	-70.55285	
3	1182	-70.55261	
3	1183	-70.55237	
3	1184	-70.55214	
3	1185	-70.55191	
3	1186	-70.55169	
3	1187	-70.55148	
3	1188	-70.55127	
3	1189	-70.55106	
3	1190	-70.55086	
3	1191	-70.55067	
3	1192	-70.55048	
3	1193	-70.55030	
3	1194	-70.55012	
3	1195	-70.54995	
3	1196	-70.54978	
3	1197	-70.54961	
3	1198	-70.54946	
3	1199	-70.54930	
3	1200	-70.54915	
3	1201	-70.54901	
3	1202	-70.54887	
3	1203	-70.54873	
3	1204	-70.54860	
3	1205	-70.54847	
3	1206	-70.54835	
3	1207	-70.54823	
3	1208	-70.54812	
3	1209	-70.54801	
3	1210	-70.54790	
3	1211	-70.54780	
3	1212	-70.54770	
3	1213	-70.54761	
3	1214	-70.54752	
3	1215	-70.54743	
3	1216	-70.54735	
3	1217	-70.54727	
3	1218	-70.54720	
3	1219	-70.54712	
3	1220	-70.54706	
3	1221	-70.54699	
3	1222	-70.54693	
3	1223	-70.54687	
3	1224	-70.54682	
3	1225	-70.54677	
3	1226	-70.54672	
3	1227	-70.54667	
3	1228	-70.54663	
3	1229	-70.54659	
3	1230	-70.54656	
3	1231	-70.54653	
3	1232	-70.54650	
3	1233	-70.54647	
3	1234	-70.54645	
3	1235	-70.54643	
3	1236	-70.54641	
3	1237	-70.54640	
3	1238	-70.54638	
3	1239	-70.54637	
3	1240	-70.54637	
3	1241	-70.54636	
3	1242	-70.54636	
3	1243	-70.54636	
3	1244	-70.54637	
3	1245	-70.54637	
3	1246	-70.54638	
3	1247	-70.54639	
3	1248	-70.54641	
3	1249	-70.54642	
3	1250	-70.54644	
3	1251	-70.54646	
3	1252	-70.54648	
3	1253	-70.54651	
3	1254	-70.54653	
3	1255	-70.54656	
3	1256	-70.54659	
3	1257	-70.54663	
3	1258	-70.54666	
3	1259	-70.54670	
3	1260	-70.54674	
3	1261	-70.54678	
3	1262	-70.54682	
3	1263	-70.54687	
3	1264	-70.54692	
3	1265	-70.54696	
3	1266	-70.54701	
3	1267	-70.54707	
3	1268	-70.54712	
3	1269	-70.54718	
3	1270	-70.54723	
3	1271	-70.54729	
3	1272	-70.54735	
3	1273	-70.54741	
3	1274	-70.54748	
3	1275	-70.54754	
3	1276	-70.54761	
3	1277	-70.54768	
3	1278	-70.54775	
3	1279	-70.54782	
3	1280	-70.54789	
3	1281	-70.54796	
3	1282	-70.54804	
3	1283	-70.54812	
3	1284	-70.54819	
3	1285	-70.54827	
3	1286	-70.54835	
3	1287	-70.54844	
3	1288	-70.54852	
3	1289	-70.54860	
3	1290	-70.54869	
3	1291	-70.54878	
3	1292	-70.54886	
3	1293	-70.54895	
3	1294	-70.54904	
3	1295	-70.54913	
3	1296	-70.54922	
3	1297	-70.54932	
3	1298	-70.54941	
3	1299	-70.54951	
3	1300	-70.54960	
3	1301	-70.54970	
3	1302	-70.54980	
3	1303	-70.54990	
3	1304	-70.55000	
3	1305	-70.55010	
3	1306	-70.55020	
3	1307	-70.55030	
3	1308	-70.55040	
3	1309	-70.55051	
3	1310	-70.55061	
3	1311	-70.55072	
3	1312	-70.55083	
3	1313	-70.55093	
3	1314	-70.55104	
3	1315	-70.55115	
3	1316	-70.55126	
3	1317	-70.55137	
3	1318	-70.55148	
3	1319	-70.55159	
3	1320	-70.55170	
3	1321	-70.55181	
3	1322	-70.55193	
3	1323	-70.55204	
3	1324	-70.55216	
3	1325	-70.55227	
3	1326	-70.55239	
3	1327	-70.55250	
3	1328	-70.55262	
3	1329	-70.55274	
3	1330	-70.55285	
3	1331	-70.55297	
3	1332	-70.55309	
3	1333	-70.55321	
3	1334	-70.55333	
3	1335	-70.55345	
3	1336	-70.55357	
3	1337	-70.55369	
3	1338	-70.55381	
3	1339	-70.55393	
3	1340	-70.55405	
3	1341	-70.55418	
3	1342	-70.55430	
3	1343	-70.55442	
3	1344	-70.55455	
3	1345	-70.55467	
3	1346	-70.55479	
3	1347	-70.55492	
3	1348	-70.55504	
3	1349	-70.55517	
3	1350	-70.55529	
3	1351	-70.55542	
3	1352	-70.55554	
3	1353	-70.55567	
3	1354	-70.55579	
3	1355	-70.55592	
3	1356	-70.55605	
3	1357	-70.55617	
3	1358	-70.55630	
3	1359	-70.55643	
3	1360	-70.55656	
3	1361	-70.55668	
3	1362	-70.55681	
3	1363	-70.55694	
3	1364	-70.55707	
3	1365	-70.55719	
3	1366	-70.55732	
3	1367	-70.55745	
3	1368	-70.55758	
3	1369	-70.55771	
3	1370	-70.55784	
3	1371	-70.55796	
3	1372	-70.55809	
3	1373	-70.55822	
3	1374	-70.55835	
3	1375	-70.55848	
3	1376	-70.55861	
3	1377	-70.55874	
3	1378	-70.55887	
3	1379	-70.55900	
3	1380	-70.55913	
3	1381	-70.55925	
3	1382	-70.55938	
3	1383	-70.55951	
3	1384	-70.55964	
3	1385	-70.55977	
3	1386	-70.55990	
3	1387	-70.56003	
3	1388	-70.56016	
3	1389	-70.56029	
3	1390	-70.56042	
3	1391	-70.56055	
3	1392	-70.56067	
3	1393	-70.56080	
3	1394	-70.56093	
3	1395	-70.56106	
3	1396	-70.56119	
3	1397	-70.56132	
3	1398	-70.56145	
3	1399	-70.56158	
3	1400	-70.56170	
3	1401	-70.56184	
3	1402	-70.56200	
3	1403	-70.56218	
3	1404	-70.56237	
3	1405	-70.56257	
3	1406	-70.56278	
3	1407	-70.56300	
3	1408	-70.56323	
3	1409	-70.56347	
3	1410	-70.56371	
3	1411	-70.56396	
3	1412	-70.56421	
3	1413	-70.56447	
3	1414	-70.56472	
3	1415	-70.56498	
3	1416	-70.56524	
3	1417	-70.56550	
3	1418	-70.56576	
3	1419	-70.56602	
3	1420	-70.56628	
3	1421	-70.56654	
3	1422	-70.56680	
3	1423	-70.56705	
3	1424	-70.56731	
3	1425	-70.56756	
3	1426	-70.56781	
3	1427	-70.56806	
3	1428	-70.56831	
3	1429	-70.56855	
3	1430	-70.56880	
3	1431	-70.56904	
3	1432	-70.56927	
3	1433	-70.56951	
3	1434	-70.56974	
3	1435	-70.56997	
3	1436	-70.57020	
3	1437	-70.57043	
3	1438	-70.57065	
3	1439	-70.57087	
3	1440	-70.57109	
3	1441	-70.57131	
3	1442	-70.57152	
3	1443	-70.57173	
3	1444	-70.57194	
3	1445	-70.57215	
3	1446	-70.57235	
3	1447	-70.57255	
3	1448	-70.57275	
3	1449	-70.57295	
3	1450	-70.57315	
3	1451	-70.57334	
3	1452	-70.57353	
3	1453	-70.57372	
3	1454	-70.57390	
3	1455	-70.57409	
3	1456	-70.57427	
3	1457	-70.57445	
3	1458	-70.57463	
3	1459	-70.57480	
3	1460	-70.57498	
3	1461	-70.57515	
3	1462	-70.57532	
3	1463	-70.57548	
3	1464	-70.57565	
3	1465	-70.57581	
3	1466	-70.57598	
3	1467	-70.57614	
3	1468	-70.57630	
3	1469	-70.57645	
3	1470	-70.57661	
3	1471	-70.57676	
3	1472	-70.57692	
3	1473	-70.57707	
3	1474	-70.57722	
3	1475	-70.57736	
3	1476	-70.57751	
3	1477	-70.57765	
3	1478	-70.57780	
3	1479	-70.57794	
3	1480	-70.57808	
3	1481	-70.57822	
3	1482	-70.57835	
3	1483	-70.57849	
3	1484	-70.57862	
3	1485	-70.57876	
3	1486	-70.57889	
3	1487	-70.57902	
3	1488	-70.57915	
3	1489	-70.57928	
3	1490	-70.57941	
3	1491	-70.57953	
3	1492	-70.57966	
3	1493	-70.57978	
3	1494	-70.57990	
3	1495	-70.58002	
3	1496	-70.58014	
3	1497	-70.58026	
3	1498	-70.58038	
3	1499	-70.58050	
3	1500	-70.58061	
3	1501	-70.58073	
3	1502	-70.58084	
3	1503	-70.58095	
3	1504	-70.58106	
3	1505	-70.58117	
3	1506	-70.58128	
3	1507	-70.58139	
3	1508	-70.58150	
3	1509	-70.58161	
3	1510	-70.58171	
3	1511	-70.58182	
3	1512	-70.58192	
3	1513	-70.58203	
3	1514	-70.58213	
3	1515	-70.58223	
3	1516	-70.58233	
3	1517	-70.58243	
3	1518	-70.58253	
3	1519	-70.58263	
3	1520	-70.58273	
3	1521	-70.58282	
3	1522	-70.58292	
3	1523	-70.58302	
3	1524	-70.58311	
3	1525	-70.58320	
3	1526	-70.58330	
3	1527	-70.58339	
3	1528	-70.58348	
3	1529	-70.58357	
3	1530	-70.58366	
3	1531	-70.58375	
3	1532	-70.58384	
3	1533	-70.58393	
3	1534	-70.58402	
3	1535	-70.58411	
3	1536	-70.58419	
3	1537	-70.58428	
3	1538	-70.58436	
3	1539	-70.58445	
3	1540	-70.58453	
3	1541	-70.58462	
3	1542	-70.58470	
3	1543	-70.58478	
3	1544	-70.58486	
3	1545	-70.58495	
3	1546	-70.58503	
3	1547	-70.58511	
3	1548	-70.58519	
3	1549	-70.58526	
3	1550	-70.58534	
3	1551	-70.58542	
3	1552	-70.58550	
3	1553	-70.58558	
3	1554	-70.58565	
3	1555	-70.58573	
3	1556	-70.58580	
3	1557	-70.58588	
3	1558	-70.58595	
3	1559	-70.58603	
3	1560	-70.58610	
3	1561	-70.58617	
3	1562	-70.58625	
3	1563	-70.58632	
3	1564	-70.58639	
3	1565	-70.58646	
3	1566	-70.58653	
3	1567	-70.58660	
3	1568	-70.58667	
3	1569	-70.58674	
3	1570	-70.58681	
3	1571	-70.58688	
3	1572	-70.58695	
3	1573	-70.58701	
3	1574	-70.58708	
3	1575	-70.58715	
3	1576	-70.58722	
3	1577	-70.58728	
3	1578	-70.58735	
3	1579	-70.58741	
3	1580	-70.58748	
3	1581	-70.58754	
3	1582	-70.58761	
3	1583	-70.58767	
3	1584	-70.58773	
3	1585	-70.58780	
3	1586	-70.58786	
3	1587	-70.58792	
3	1588	-70.58798	
3	1589	-70.58805	
3	1590	-70.58811	
3	1591	-70.58817	
3	1592	-70.58823	
3	1593	-70.58829	
3	1594	-70.58835	
3	1595	-70.58841	
3	1596	-70.58847	
3	1597	-70.58853	
3	1598	-70.58858	
3	1599	-70.58864	
3	1600	-70.58870	
3	1601	-70.58876	
3	1602	-70.58882	
3	1603	-70.58887	
3	1604	-70.58893	
3	1605	-70.58899	
3	1606	-70.58904	
3	1607	-70.58910	
3	1608	-70.58915	
3	1609	-70.58921	
3	1610	-70.58926	
3	1611	-70.58932	
3	1612	-70.58937	
3	1613	-70.58943	
3	1614	-70.58948	
3	1615	-70.58953	
3	1616	-70.58959	
3	1617	-70.58964	
3	1618	-70.58969	
3	1619	-70.58974	
3	1620	-70.58980	
3	1621	-70.58985	
3	1622	-70.58990	
3	1623	-70.58995	
3	1624	-70.59000	
3	1625	-70.59005	
3	1626	-70.59010	
3	1627	-70.59015	
3	1628	-70.59020	
3	1629	-70.59025	
3	1630	-70.59030	
3	1631	-70.59035	
3	1632	-70.59040	
3	1633	-70.59045	
3	1634	-70.59050	
3	1635	-70.59054	
3	1636	-70.59059	
3	1637	-70.59064	
3	1638	-70.59069	
3	1639	-70.59073	
3	1640	-70.59078	
3	1641	-70.59083	
3	1642	-70.59087	
3	1643	-70.59092	
3	1644	-70.59097	
3	1645	-70.59101	
3	1646	-70.59106	
3	1647	-70.59110	
3	1648	-70.59115	
3	1649	-70.59119	
3	1650	-70.59124	
3	1651	-70.59128	
3	1652	-70.59132	
3	1653	-70.59137	
3	1654	-70.59141	
3	1655	-70.59145	
3	1656	-70.59150	
3	1657	-70.59154	
3	1658	-70.59158	
3	1659	-70.59163	
3	1660	-70.59167	
3	1661	-70.59171	
3	1662	-70.59175	
3	1663	-70.59179	
3	1664	-70.59184	
3	1665	-70.59188	
3	1666	-70.59192	
3	1667	-70.59196	
3	1668	-70.59200	
3	1669	-70.59204	
3	1670	-70.59208	
3	1671	-70.59212	
3	1672	-70.59216	
3	1673	-70.59220	
3	1674	-70.59224	
3	1675	-70.59228	
3	1676	-70.59232	
3	1677	-70.59236	
3	1678	-70.59239	
3	1679	-70.59243	
3	1680	-70.59247	
3	1681	-70.59251	
3	1682	-70.59255	
3	1683	-70.59259	
3	1684	-70.59262	
3	1685	-70.59266	
3	1686	-70.59270	
3	1687	-70.59273	
3	1688	-70.59277	
3	1689	-70.59281	
3	1690	-70.59284	
3	1691	-70.59288	
3	1692	-70.59292	
3	1693	-70.59295	
3	1694	-70.59299	
3	1695	-70.59302	
3	1696	-70.59306	
3	1697	-70.59309	
3	1698	-70.59313	
3	1699	-70.59316	
3	1700	-70.59320	
3	1701	-70.59323	
3	1702	-70.59327	
3	1703	-70.59330	
3	1704	-70.59334	
3	1705	-70.59337	
3	1706	-70.59340	
3	1707	-70.59344	
3	1708	-70.59347	
3	1709	-70.59350	
3	1710	-70.59354	
3	1711	-70.59357	
3	1712	-70.59360	
3	1713	-70.59363	
3	1714	-70.59367	
3	1715	-70.59370	
3	1716	-70.59373	
3	1717	-70.59376	
3	1718	-70.59379	
3	1719	-70.59383	
3	1720	-70.59386	
3	1721	-70.59389	
3	1722	-70.59392	
3	1723	-70.59395	
3	1724	-70.59398	
3	1725	-70.59401	
3	1726	-70.59404	
3	1727	-70.59407	
3	1728	-70.59410	
3	1729	-70.59413	
3	1730	-70.59416	
3	1731	-70.59419	
3	1732	-70.59422	
3	1733	-70.59425	
3	1734	-70.59428	
3	1735	-70.59431	
3	1736	-70.59434	
3	1737	-70.59437	
3	1738	-70.59440	
3	1739	-70.59443	
3	1740	-70.59445	
3	1741	-70.59448	
3	1742	-70.59451	
3	1743	-70.59454	
3	1744	-70.59457	
3	1745	-70.59460	
3	1746	-70.59462	
3	1747	-70.59465	
3	1748	-70.59468	
3	1749	-70.59470	
3	1750	-70.59473	
3	1751	-70.59476	
3	1752	-70.59479	
3	1753	-70.59481	
3	1754	-70.59484	
3	1755	-70.59487	
3	1756	-70.59489	
3	1757	-70.59492	
3	1758	-70.59494	
3	1759	-70.59497	
3	1760	-70.59500	
3	1761	-70.59502	
3	1762	-70.59505	
3	1763	-70.59507	
3	1764	-70.59510	
3	1765	-70.59512	
3	1766	-70.59515	
3	1767	-70.59517	
3	1768	-70.59520	
3	1769	-70.59522	
3	1770	-70.59525	
3	1771	-70.59527	
3	1772	-70.59530	
3	1773	-70.59532	
3	1774	-70.59534	
3	1775	-70.59537	
3	1776	-70.59539	
3	1777	-70.59542	
3	1778	-70.59544	
3	1779	-70.59546	
3	1780	-70.59549	
3	1781	-70.59551	
3	1782	-70.59553	
3	1783	-70.59556	
3	1784	-70.59558	
3	1785	-70.59560	
3	1786	-70.59562	
3	1787	-70.59565	
3	1788	-70.59567	
3	1789	-70.59569	
3	1790	-70.59571	
3	1791	-70.59574	
3	1792	-70.59576	
3	1793	-70.59578	
3	1794	-70.59580	
3	1795	-70.59582	
3	1796	-70.59584	
3	1797	-70.59587	
3	1798	-70.59589	
3	1799	-70.59591	
3	1800	-70.59593	
3	1801	-70.59595	
3	1802	-70.59597	
3	1803	-70.59599	
3	1804	-70.59601	
3	1805	-70.59603	
3	1806	-70.59605	
3	1807	-70.59607	
3	1808	-70.59609	
3	1809	-70.59611	
3	1810	-70.59613	
3	1811	-70.59615	
3	1812	-70.59617	
3	1813	-70.59619	
3	1814	-70.59621	
3	1815	-70.59623	
3	1816	-70.59625	
3	1817	-70.59627	
3	1818	-70.59629	
3	1819	-70.59631	
3	1820	-70.59633	
3	1821	-70.59635	
3	1822	-70.59637	
3	1823	-70.59639	
3	1824	-70.59641	
3	1825	-70.59642	
3	1826	-70.59644	
3	1827	-70.59646	
3	1828	-70.59648	
3	1829	-70.59650	
3	1830	-70.59652	
3	1831	-70.59653	
3	1832	-70.59655	
3	1833	-70.59657	
3	1834	-70.59659	
3	1835	-70.59661	
3	1836	-70.59662	
3	1837	-70.59664	
3	1838	-70.59666	
3	1839	-70.59668	
3	1840	-70.59669	
3	1841	-70.59671	
3	1842	-70.59673	
3	1843	-70.59674	
3	1844	-70.59676	
3	1845	-70.59678	
3	1846	-70.59680	
3	1847	-70.59681	
3	1848	-70.59683	
3	1849	-70.59685	
3	1850	-70.59686	
3	1851	-70.59688	
3	1852	-70.59689	
3	1853	-70.59691	
3	1854	-70.59693	
3	1855	-70.59694	
3	1856	-70.59696	
3	1857	-70.59697	
3	1858	-70.59699	
3	1859	-70.59701	
3	1860	-70.59702	
3	1861	-70.59704	
3	1862	-70.59705	
3	1863	-70.59707	
3	1864	-70.59708	
3	1865	-70.59710	
3	1866	-70.59711	
3	1867	-70.59713	
3	1868	-70.59714	
3	1869	-70.59716	
3	1870	-70.59717	
3	1871	-70.59719	
3	1872	-70.59720	
3	1873	-70.59722	
3	1874	-70.59723	
3	1875	-70.59725	
3	1876	-70.59726	
3	1877	-70.59728	
3	1878	-70.59729	
3	1879	-70.59730	
3	1880	-70.59732	
3	1881	-70.59733	
3	1882	-70.59735	
3	1883	-70.59736	
3	1884	-70.59737	
3	1885	-70.59739	
3	1886	-70.59740	
3	1887	-70.59741	
3	1888	-70.59743	
3	1889	-70.59744	
3	1890	-70.59745	
3	1891	-70.59747	
3	1892	-70.59748	
3	1893	-70.59749	
3	1894	-70.59751	
3	1895	-70.59752	
3	1896	-70.59753	
3	1897	-70.59755	
3	1898	-70.59756	
3	1899	-70.59757	
3	1900	-70.59758	
3	1901	-70.59760	
3	1902	-70.59761	
3	1903	-70.59762	
3	1904	-70.59764	
3	1905	-70.59765	
3	1906	-70.59766	
3	1907	-70.59767	
3	1908	-70.59768	
3	1909	-70.59770	
3	1910	-70.59771	
3	1911	-70.59772	
3	1912	-70.59773	
3	1913	-70.59774	
3	1914	-70.59776	
3	1915	-70.59777	
3	1916	-70.59778	
3	1917	-70.59779	
3	1918	-70.59780	
3	1919	-70.59781	
3	1920	-70.59783	
3	1921	-70.59784	
3	1922	-70.59785	
3	1923	-70.59786	
3	1924	-70.59787	
3	1925	-70.59788	
3	1926	-70.59789	
3	1927	-70.59790	
3	1928	-70.59792	
3	1929	-70.59793	
3	1930	-70.59794	
3	1931	-70.59795	
3	1932	-70.59796	
3	1933	-70.59797	
3	1934	-70.59798	
3	1935	-70.59799	
3	1936	-70.59800	
3	1937	-70.59801	
3	1938	-70.59802	
3	1939	-70.59803	
3	1940	-70.59804	
3	1941	-70.59805	
3	1942	-70.59806	
3	1943	-70.59807	
3	1944	-70.59808	
3	1945	-70.59809	
3	1946	-70.59810	
3	1947	-70.59811	
3	1948	-70.59812	
3	1949	-70.59813	
3	1950	-70.59814	
3	1951	-70.59815	
3	1952	-70.59816	
3	1953	-70.59817	
3	1954	-70.59818	
3	1955	-70.59819	
3	1956	-70.59820	
3	1957	-70.59821	
3	1958	-70.59822	
3	1959	-70.59823	
3	1960	-70.59824	
3	1961	-70.59825	
3	1962	-70.59826	
3	1963	-70.59827	
3	1964	-70.59828	
3	1965	-70.59829	
3	1966	-70.59829	
3	1967	-70.59830	
3	1968	-70.59831	
3	1969	-70.59832	
3	1970	-70.59833	
3	1971	-70.59834	
3	1972	-70.59835	
3	1973	-70.59836	
3	1974	-70.59837	
3	1975	-70.59837	
3	1976	-70.59838	
3	1977	-70.59839	
3	1978	-70.59840	
3	1979	-70.59841	
3	1980	-70.59842	
3	1981	-70.59842	
3	1982	-70.59843	
3	1983	-70.59844	
3	1984	-70.59845	
3	1985	-70.59846	
3	1986	-70.59847	
3	1987	-70.59847	
3	1988	-70.59848	
3	1989	-70.59849	
3	1990	-70.59850	
3	1991	-70.59851	
3	1992	-70.59851	
3	1993	-70.59852	
3	1994	-70.59853	
3	1995	-70.59854	
3	1996	-70.59854	
3	1997	-70.59855	
3	1998	-70.59856	
3	1999	-70.59857	
3	2000	-70.59858	
3	2001	-70.59858	
3	2002	-70.59859	
3	2003	-70.59860	
3	2004	-70.59860	
3	2005	-70.59861	
3	2006	-70.59862	
3	2007	-70.59863	
3	2008	-70.59863	
3	2009	-70.59864	
3	2010	-70.59865	
3	2011	-70.59866	
3	2012	-70.59866	
3	2013	-70.59867	
3	2014	-70.59868	
3	2015	-70.59868	
3	2016	-70.59869	
3	2017	-70.59870	
3	2018	-70.59870	
3	2019	-70.59871	
3	2020	-70.59872	
3	2021	-70.59872	
3	2022	-70.59873	
3	2023	-70.59874	
3	2024	-70.59874	
3	2025	-70.59875	
3	2026	-70.59876	
3	2027	-70.59876	
3	2028	-70.59877	
3	2029	-70.59878	
3	2030	-70.59878	
3	2031	-70.59879	
3	2032	-70.59880	
3	2033	-70.59880	
3	2034	-70.59881	
3	2035	-70.59882	
3	2036	-70.59882	
3	2037	-70.59883	
3	2038	-70.59883	
3	2039	-70.59884	
3	2040	-70.59885	
3	2041	-70.59885	
3	2042	-70.59886	
3	2043	-70.59886	
3	2044	-70.59887	
3	2045	-70.59888	
3	2046	-70.59888	
3	2047	-70.59889	
3	2048	-70.59889	
3	2049	-70.59890	
3	2050	-70.59891	
3	2051	-70.59891	
3	2052	-70.59892	
3	2053	-70.59892	
3	2054	-70.59893	
3	2055	-70.59893	
3	2056	-70.59894	
3	2057	-70.59895	
3	2058	-70.59895	
3	2059	-70.59896	
3	2060	-70.59896	
3	2061	-70.59897	
3	2062	-70.59897	
3	2063	-70.59898	
3	2064	-70.59898	
3	2065	-70.59899	
3	2066	-70.59899	
3	2067	-70.59900	
3	2068	-70.59901	
3	2069	-70.59901	
3	2070	-70.59902	
3	2071	-70.59902	
3	2072	-70.59903	
3	2073	-70.59903	
3	2074	-70.59904	
3	2075	-70.59904	
3	2076	-70.59905	
3	2077	-70.59905	
3	2078	-70.59906	
3	2079	-70.59906	
3	2080	-70.59907	
3	2081	-70.59907	
3	2082	-70.59908	
3	2083	-70.59908	
3	2084	-70.59909	
3	2085	-70.59909	
3	2086	-70.59910	
3	2087	-70.59910	
3	2088	-70.59911	
3	2089	-70.59911	
3	2090	-70.59911	
3	2091	-70.59912	
3	2092	-70.59912	
3	2093	-70.59913	
3	2094	-70.59913	
3	2095	-70.59914	
3	2096	-70.59914	
3	2097	-70.59915	
3	2098	-70.59915	
3	2099	-70.59916	
3	2100	-70.59916	
3	2101	-70.59916	
3	2102	-70.59917	
3	2103	-70.59917	
3	2104	-70.59918	
3	2105	-70.59918	
3	2106	-70.59919	
3	2107	-70.59919	
3	2108	-70.59919	
3	2109	-70.59920	
3	2110	-70.59920	
3	2111	-70.59921	
3	2112	-70.59921	
3	2113	-70.59922	
3	2114	-70.59922	
3	2115	-70.59922	
3	2116	-70.59923	
3	2117	-70.59923	
3	2118	-70.59924	
3	2119	-70.59924	
3	2120	-70.59924	
3	2121	-70.59925	
3	2122	-70.59925	
3	2123	-70.59926	
3	2124	-70.59926	
3	2125	-70.59926	
3	2126	-70.59927	
3	2127	-70.59927	
3	2128	-70.59928	
3	2129	-70.59928	
3	2130	-70.59928	
3	2131	-70.59929	
3	2132	-70.59929	
3	2133	-70.59929	
3	2134	-70.59930	
3	2135	-70.59930	
3	2136	-70.59930	
3	2137	-70.59931	
3	2138	-70.59931	
3	2139	-70.59932	
3	2140	-70.59932	
3	2141	-70.59932	
3	2142	-70.59933	
3	2143	-70.59933	
3	2144	-70.59933	
3	2145	-70.59934	
3	2146	-70.59934	
3	2147	-70.59934	
3	2148	-70.59935	
3	2149	-70.59935	
3	2150	-70.59935	
3	2151	-70.59936	
3	2152	-70.59936	
3	2153	-70.59936	
3	2154	-70.59937	
3	2155	-70.59937	
3	2156	-70.59937	
3	2157	-70.59938	
3	2158	-70.59938	
3	2159	-70.59938	
3	2160	-70.59939	
3	2161	-70.59939	
3	2162	-70.59939	
3	2163	-70.59940	
3	2164	-70.59940	
3	2165	-70.59940	
3	2166	-70.59941	
3	2167	-70.59941	
3	2168	-70.59941	
3	2169	-70.59942	
3	2170	-70.59942	
3	2171	-70.59942	
3	2172	-70.59942	
3	2173	-70.59943	
3	2174	-70.59943	
3	2175	-70.59943	
3	2176	-70.59944	
3	2177	-70.59944	
3	2178	-70.59944	
3	2179	-70.59944	
3	2180	-70.59945	
3	2181	-70.59945	
3	2182	-70.59945	
3	2183	-70.59946	
3	2184	-70.59946	
3	2185	-70.59946	
3	2186	-70.59946	
3	2187	-70.59947	
3	2188	-70.59947	
3	2189	-70.59947	
3	2190	-70.59948	
3	2191	-70.59948	
3	2192	-70.59948	
3	2193	-70.59948	
3	2194	-70.59949	
3	2195	-70.59949	
3	2196	-70.59949	
3	2197	-70.59949	
3	2198	-70.59950	
3	2199	-70.59950	
3	2200	-70.59950	
3	2201	-70.59950	
3	2202	-70.59951	
3	2203	-70.59951	
3	2204	-70.59951	
3	2205	-70.59952	
3	2206	-70.59952	
3	2207	-70.59952	
3	2208	-70.59952	
3	2209	-70.59952	
3	2210	-70.59953	
3	2211	-70.59953	
3	2212	-70.59953	
3	2213	-70.59953	
3	2214	-70.59954	
3	2215	-70.59954	
3	2216	-70.59954	
3	2217	-70.59954	
3	2218	-70.59955	
3	2219	-70.59955	
3	2220	-70.59955	
3	2221	-70.59955	
3	2222	-70.59956	
3	2223	-70.59956	
3	2224	-70.59956	
3	2225	-70.59956	
3	2226	-70.59956	
3	2227	-70.59957	
3	2228	-70.59957	
3	2229	-70.59957	
3	2230	-70.59957	
3	2231	-70.59958	
3	2232	-70.59958	
3	2233	-70.59958	
3	2234	-70.59958	
3	2235	-70.59958	
3	2236	-70.59959	
3	2237	-70.59959	
3	2238	-70.59959	
3	2239	-70.59959	
3	2240	-70.59960	
3	2241	-70.59960	
3	2242	-70.59960	
3	2243	-70.59960	
3	2244	-70.59960	
3	2245	-70.59961	
3	2246	-70.59961	
3	2247	-70.59961	
3	2248	-70.59961	
3	2249	-70.59961	
3	2250	-70.59962	
3	2251	-70.59962	
3	2252	-70.59962	
3	2253	-70.59962	
3	2254	-70.59962	
3	2255	-70.59963	
3	2256	-70.59963	
3	2257	-70.59963	
3	2258	-70.59963	
3	2259	-70.59963	
3	2260	-70.59963	
3	2261	-70.59964	
3	2262	-70.59964	
3	2263	-70.59964	
3	2264	-70.59964	
3	2265	-70.59964	
3	2266	-70.59965	
3	2267	-70.59965	
3	2268	-70.59965	
3	2269	-70.59965	
3	2270	-70.59965	
3	2271	-70.59965	
3	2272	-70.59966	
3	2273	-70.59966	
3	2274	-70.59966	
3	2275	-70.59966	
3	2276	-70.59966	
3	2277	-70.59966	
3	2278	-70.59967	
3	2279	-70.59967	
3	2280	-70.59967	
3	2281	-70.59967	
3	2282	-70.59967	
3	2283	-70.59967	
3	2284	-70.59968	
3	2285	-70.59968	
3	2286	-70.59968	
3	2287	-70.59968	
3	2288	-70.59968	
3	2289	-70.59968	
3	2290	-70.59969	
3	2291	-70.59969	
3	2292	-70.59969	
3	2293	-70.59969	
3	2294	-70.59969	
3	2295	-70.59969	
3	2296	-70.59970	
3	2297	-70.59970	
3	2298	-70.59970	
3	2299	-70.59970	
3	2300	-70.59970	
3	2301	-70.59970	
3	2302	-70.59970	
3	2303	-70.59971	
3	2304	-70.59971	
3	2305	-70.59971	
3	2306	-70.59971	
3	2307	-70.59971	
3	2308	-70.59971	
3	2309	-70.59971	
3	2310	-70.59972	
3	2311	-70.59972	
3	2312	-70.59972	
3	2313	-70.59972	
3	2314	-70.59972	
3	2315	-70.59972	
3	2316	-70.59972	
3	2317	-70.59973	
3	2318	-70.59973	
3	2319	-70.59973	
3	2320	-70.59973	
3	2321	-70.59973	
3	2322	-70.59973	
3	2323	-70.59973	
3	2324	-70.59974	
3	2325	-70.59974	
3	2326	-70.59974	
3	2327	-70.59974	
3	2328	-70.59974	
3	2329	-70.59974	
3	2330	-70.59974	
3	2331	-70.59974	
3	2332	-70.59975	
3	2333	-70.59975	
3	2334	-70.59975	
3	2335	-70.59975	
3	2336	-70.59975	
3	2337	-70.59975	
3	2338	-70.59975	
3	2339	-70.59975	
3	2340	-70.59976	
3	2341	-70.59976	
3	2342	-70.59976	
3	2343	-70.59976	
3	2344	-70.59976	
3	2345	-70.59976	
3	2346	-70.59976	
3	2347	-70.59976	
3	2348	-70.59976	
3	2349	-70.59977	
3	2350	-70.59977	
3	2351	-70.59977	
3	2352	-70.59977	
3	2353	-70.59977	
3	2354	-70.59977	
3	2355	-70.59977	
3	2356	-70.59977	
3	2357	-70.59977	
3	2358	-70.59978	
3	2359	-70.59978	
3	2360	-70.59978	
3	2361	-70.59978	
3	2362	-70.59978	
3	2363	-70.59978	
3	2364	-70.59978	
3	2365	-70.59978	
3	2366	-70.59978	
3	2367	-70.59979	
3	2368	-70.59979	
3	2369	-70.59979	
3	2370	-70.59979	
3	2371	-70.59979	
3	2372	-70.59979	
3	2373	-70.59979	
3	2374	-70.59979	
3	2375	-70.59979	
3	2376	-70.59979	
3	2377	-70.59980	
3	2378	-70.59980	
3	2379	-70.59980	
3	2380	-70.59980	
3	2381	-70.59980	
3	2382	-70.59980	
3	2383	-70.59980	
3	2384	-70.59980	
3	2385	-70.59980	
3	2386	-70.59980	
3	2387	-70.59981	
3	2388	-70.59981	
3	2389	-70.59981	
3	2390	-70.59981	
3	2391	-70.59981	
3	2392	-70.59981	
3	2393	-70.59981	
3	2394	-70.59981	
3	2395	-70.59981	
3	2396	-70.59981	
3	2397	-70.59981	
3	2398	-70.59982	
3	2399	-70.59982	
3	2400	-70.59982	
3	2401	-70.59982	
3	2402	-70.59982	
3	2403	-70.59982	
3	2404	-70.59982	
3	2405	-70.59982	
3	2406	-70.59982	
3	2407	-70.59982	
3	2408	-70.59982	
3	2409	-70.59982	
3	2410	-70.59983	
3	2411	-70.59983	
3	2412	-70.59983	
3	2413	-70.59983	
3	2414	-70.59983	
3	2415	-70.59983	
3	2416	-70.59983	
3	2417	-70.59983	
3	2418	-70.59983	
3	2419	-70.59983	
3	2420	-70.59983	
3	2421	-70.59983	
3	2422	-70.59983	
3	2423	-70.59984	
3	2424	-70.59984	
3	2425	-70.59984	
3	2426	-70.59984	
3	2427	-70.59984	
3	2428	-70.59984	
3	2429	-70.59984	
3	2430	-70.59984	
3	2431	-70.59984	
3	2432	-70.59984	
3	2433	-70.59984	
3	2434	-70.59984	
3	2435	-70.59984	
3	2436	-70.59985	
3	2437	-70.59985	
3	2438	-70.59985	
3	2439	-70.59985	
3	2440	-70.59985	
3	2441	-70.59985	
3	2442	-70.59985	
3	2443	-70.59985	
3	2444	-70.59985	
3	2445	-70.59985	
3	2446	-70.59985	
3	2447	-70.59985	
3	2448	-70.59985	
3	2449	-70.59985	
3	2450	-70.59985	
3	2451	-70.59986	
3	2452	-70.59986	
3	2453	-70.59986	
3	2454	-70.59986	
3	2455	-70.59986	
3	2456	-70.59986	
3	2457	-70.59986	
3	2458	-70.59986	
3	2459	-70.59986	
3	2460	-70.59986	
3	2461	-70.59986	
3	2462	-70.59986	
3	2463	-70.59986	
3	2464	-70.59986	
3	2465	-70.59986	
3	2466	-70.59987	
3	2467	-70.59987	
3	2468	-70.59987	
3	2469	-70.59987	
3	2470	-70.59987	
3	2471	-70.59987	
3	2472	-70.59987	
3	2473	-70.59987	
3	2474	-70.59987	
3	2475	-70.59987	
3	2476	-70.59987	
3	2477	-70.59987	
3	2478	-70.59987	
3	2479	-70.59987	
3	2480	-70.59987	
3	2481	-70.59987	
3	2482	-70.59987	
3	2483	-70.59987	
3	2484	-70.59988	
3	2485	-70.59988	
3	2486	-70.59988	
3	2487	-70.59988	
3	2488	-70.59988	
3	2489	-70.59988	
3	2490	-70.59988	
3	2491	-70.59988	
3	2492	-70.59988	
3	2493	-70.59988	
3	2494	-70.59988	
3	2495	-70.59988	
3	2496	-70.59988	
3	2497	-70.59988	
3	2498	-70.59988	
3	2499	-70.59988	
3	2500	-70.59988	
3	2501	-70.59988	
3	2502	-70.59988	
3	2503	-70.59989	
3	2504	-70.59989	
3	2505	-70.59989	
3	2506	-70.59989	
3	2507	-70.59989	
3	2508	-70.59989	
3	2509	-70.59989	
3	2510	-70.59989	
3	2511	-70.59989	
3	2512	-70.59989	
3	2513	-70.59989	
3	2514	-70.59989	
3	2515	-70.59989	
3	2516	-70.59989	
3	2517	-70.59989	
3	2518	-70.59989	
3	2519	-70.59989	
3	2520	-70.59989	
3	2521	-70.59989	
3	2522	-70.59989	
3	2523	-70.59989	
3	2524	-70.59990	
3	2525	-70.59990	
3	2526	-70.59990	
3	2527	-70.59990	
3	2528	-70.59990	
3	2529	-70.59990	
3	2530	-70.59990	
3	2531	-70.59990	
3	2532	-70.59990	
3	2533	-70.59990	
3	2534	-70.59990	
3	2535	-70.59990	
3	2536	-70.59990	
3	2537	-70.59990	
3	2538	-70.59990	
3	2539	-70.59990	
3	2540	-70.59990	
3	2541	-70.59990	
3	2542	-70.59990	
3	2543	-70.59990	
3	2544	-70.59990	
3	2545	-70.59990	
3	2546	-70.59990	
3	2547	-70.59990	
3	2548	-70.59990	
3	2549	-70.59991	
3	2550	-70.59991	
3	2551	-70.59991	
3	2552	-70.59991	
3	2553	-70.59991	
3	2554	-70.59991	
3	2555	-70.59991	
3	2556	-70.59991	
3	2557	-70.59991	
3	2558	-70.59991	
3	2559	-70.59991	
3	2560	-70.59991	
3	2561	-70.59991	
3	2562	-70.59991	
3	2563	-70.59991	
3	2564	-70.59991	
3	2565	-70.59991	
3	2566	-70.59991	
3	2567	-70.59991	
3	2568	-70.59991	
3	2569	-70.59991	
3	2570	-70.59991	
3	2571	-70.59991	
3	2572	-70.59991	
3	2573	-70.59991	
3	2574	-70.59991	
3	2575	-70.59991	
3	2576	-70.59992	
3	2577	-70.59992	
3	2578	-70.59992	
3	2579	-70.59992	
3	2580	-70.59992	
3	2581	-70.59992	
3	2582	-70.59992	
3	2583	-70.59992	
3	2584	-70.59992	
3	2585	-70.59992	
3	2586	-70.59992	
3	2587	-70.59992	
3	2588	-70.59992	
3	2589	-70.59992	
3	2590	-70.59992	
3	2591	-70.59992	
3	2592	-70.59992	
3	2593	-70.59992	
3	2594	-70.59992	
3	2595	-70.59992	
3	2596	-70.59992	
3	2597	-70.59992	
3	2598	-70.59992	
3	2599	-70.59992	
3	2600	-70.59992	
3	2601	-70.59992	
3	2602	-70.59992	
3	2603	-70.59992	
3	2604	-70.59992	
3	2605	-70.59992	
3	2606	-70.59992	
3	2607	-70.59992	
3	2608	-70.59992	
3	2609	-70.59993	
3	2610	-70.59993	
3	2611	-70.59993	
3	2612	-70.59993	
3	2613	-70.59993	
3	2614	-70.59993	
3	2615	-70.59993	
3	2616	-70.59993	
3	2617	-70.59993	
3	2618	-70.59993	
3	2619	-70.59993	
3	2620	-70.59993	
3	2621	-70.59993	
3	2622	-70.59993	
3	2623	-70.59993	
3	2624	-70.59993	
3	2625	-70.59993	
3	2626	-70.59993	
3	2627	-70.59993	
3	2628	-70.59993	
3	2629	-70.59993	
3	2630	-70.59993	
3	2631	-70.59993	
3	2632	-70.59993	
3	2633	-70.59993	
3	2634	-70.59993	
3	2635	-70.59993	
3	2636	-70.59993	
3	2637	-70.59993	
3	2638	-70.59993	
3	2639	-70.59993	
3	2640	-70.59993	
3	2641	-70.59993	
3	2642	-70.59993	
3	2643	-70.59993	
3	2644	-70.59993	
3	2645	-70.59993	
3	2646	-70.59993	
3	2647	-70.59993	
3	2648	-70.59993	
3	2649	-70.59993	
3	2650	-70.59994	
3	2651	-70.59994	
3	2652	-70.59994	
3	2653	-70.59994	
3	2654	-70.59994	
3	2655	-70.59994	
3	2656	-70.59994	
3	2657	-70.59994	
3	2658	-70.59994	
3	2659	-70.59994	
3	2660	-70.59994	
3	2661	-70.59994	
3	2662	-70.59994	
3	2663	-70.59994	
3	2664	-70.59994	
3	2665	-70.59994	
3	2666	-70.59994	
3	2667	-70.59994	
3	2668	-70.59994	
3	2669	-70.59994	
3	2670	-70.59994	
3	2671	-70.59994	
3	2672	-70.59994	
3	2673	-70.59994	
3	2674	-70.59994	
3	2675	-70.59994	
3	2676	-70.59994	
3	2677	-70.59994	
3	2678	-70.59994	
3	2679	-70.59994	
3	2680	-70.59994	
3	2681	-70.59994	
3	2682	-70.59994	
3	2683	-70.59994	
3	2684	-70.59994	
3	2685	-70.59994	
3	2686	-70.59994	
3	2687	-70.59994	
3	2688	-70.59994	
3	2689	-70.59994	
3	2690	-70.59994	
3	2691	-70.59994	
3	2692	-70.59994	
3	2693	-70.59994	
3	2694	-70.59994	
3	2695	-70.59994	
3	2696	-70.59994	
3	2697	-70.59994	
3	2698	-70.59994	
3	2699	-70.59994	
3	2700	-70.59994	
3	2701	-70.59994	
3	2702	-70.59995	
3	2703	-70.59995	
3	2704	-70.59995	
3	2705	-70.59995	
3	2706	-70.59995	
3	2707	-70.59995	
3	2708	-70.59995	
3	2709	-70.59995	
3	2710	-70.59995	
3	2711	-70.59995	
3	2712	-70.59995	
3	2713	-70.59995	
3	2714	-70.59995	
3	2715	-70.59995	
3	2716	-70.59995	
3	2717	-70.59995	
3	2718	-70.59995	
3	2719	-70.59995	
3	2720	-70.59995	
3	2721	-70.59995	
3	2722	-70.59995	
3	2723	-70.59995	
3	2724	-70.59995	
3	2725	-70.59995	
3	2726	-70.59995	
3	2727	-70.59995	
3	2728	-70.59995	
3	2729	-70.59995	
3	2730	-70.59995	
3	2731	-70.59995	
3	2732	-70.59995	
3	2733	-70.59995	
3	2734	-70.59995	
3	2735	-70.59995	
3	2736	-70.59995	
3	2737	-70.59995	
3	2738	-70.59995	
3	2739	-70.59995	
3	2740	-70.59995	
3	2741	-70.59995	
3	2742	-70.59995	
3	2743	-70.59995	
3	2744	-70.59995	
3	2745	-70.59995	
3	2746	-70.59995	
3	2747	-70.59995	
3	2748	-70.59995	
3	2749	-70.59995	
3	2750	-70.59995	
3	2751	-70.59995	
3	2752	-70.59995	
3	2753	-70.59995	
3	2754	-70.59995	
3	2755	-70.59995	
3	2756	-70.59995	
3	2757	-70.59995	
3	2758	-70.59995	
3	2759	-70.59995	
3	2760	-70.59995	
3	2761	-70.59995	
3	2762	-70.59995	
3	2763	-70.59995	
3	2764	-70.59995	
3	2765	-70.59995	
3	2766	-70.59995	
3	2767	-70.59995	
3	2768	-70.59995	
3	2769	-70.59995	
3	2770	-70.59995	
3	2771	-70.59995	
3	2772	-70.59995	
3	2773	-70.59995	
3	2774	-70.59996	
3	2775	-70.59996	
3	2776	-70.59996	
3	2777	-70.59996	
3	2778	-70.59996	
3	2779	-70.59996	
3	2780	-70.59996	
3	2781	-70.59996	
3	2782	-70.59996	
3	2783	-70.59996	
3	2784	-70.59996	
3	2785	-70.59996	
3	2786	-70.59996	
3	2787	-70.59996	
3	2788	-70.59996	
3	2789	-70.59996	
3	2790	-70.59996	
3	2791	-70.59996	
3	2792	-70.59996	
3	2793	-70.59996	
3	2794	-70.59996	
3	2795	-70.59996	
3	2796	-70.59996	
3	2797	-70.59996	
3	2798	-70.59996	
3	2799	-70.59996	
3	2800	-70.59996	
3	2801	-70.59996	
3	2802	-70.59996	
3	2803	-70.59996	
3	2804	-70.59996	
3	2805	-70.59996	
3	2806	-70.59996	
3	2807	-70.59996	
3	2808	-70.59996	
3	2809	-70.59996	
3	2810	-70.59996	
3	2811	-70.59996	
3	2812	-70.59996	
3	2813	-70.59996	
3	2814	-70.59996	
3	2815	-70.59996	
3	2816	-70.59996	
3	2817	-70.59996	
3	2818	-70.59996	
3	2819	-70.59996	
3	2820	-70.59996	
3	2821	-70.59996	
3	2822	-70.59996	
3	2823	-70.59996	
3	2824	-70.59996	
3	2825	-70.59996	
3	2826	-70.59996	
3	2827	-70.59996	
3	2828	-70.59996	
3	2829	-70.59996	
3	2830	-70.59996	
3	2831	-70.59996	
3	2832	-70.59996	
3	2833	-70.59996	
3	2834	-70.59996	
3	2835	-70.59996	
3	2836	-70.59996	
3	2837	-70.59996	
3	2838	-70.59996	
3	2839	-70.59996	
3	2840	-70.59996	
3	2841	-70.59996	
3	2842	-70.59996	
3	2843	-70.59996	
3	2844	-70.59996	
3	2845	-70.59996	
3	2846	-70.59996	
3	2847	-70.59996	
3	2848	-70.59996	
3	2849	-70.59996	
3	2850	-70.59996	
3	2851	-70.59996	
3	2852	-70.59996	
3	2853	-70.59996	
3	2854	-70.59996	
3	2855	-70.59996	
3	2856	-70.59996	
3	2857	-70.59996	
3	2858	-70.59996	
3	2859	-70.59996	
3	2860	-70.59996	
3	2861	-70.59996	
3	2862	-70.59996	
3	2863	-70.59996	
3	2864	-70.59996	
3	2865	-70.59996	
3	2866	-70.59996	
3	2867	-70.59996	
3	2868	-70.59996	
3	2869	-70.59996	
3	2870	-70.59996	
3	2871	-70.59996	
3	2872	-70.59996	
3	2873	-70.59996	
3	2874	-70.59996	
3	2875	-70.59996	
3	2876	-70.59996	
3	2877	-70.59996	
3	2878	-70.59996	
3	2879	-70.59996	
3	2880	-70.59996	
3	2881	-70.59996	
3	2882	-70.59996	
3	2883	-70.59996	
3	2884	-70.59996	
3	2885	-70.59996	
3	2886	-70.59996	
3	2887	-70.59996	
3	2888	-70.59996	
3	2889	-70.59996	
3	2890	-70.59996	
3	2891	-70.59996	
3	2892	-70.59996	
3	2893	-70.59996	
3	2894	-70.59996	
3	2895	-70.59996	
3	2896	-70.59996	
3	2897	-70.59996	
3	2898	-70.59996	
3	2899	-70.59996	
3	2900	-70.59997	
3	2901	-70.59997	
3	2902	-70.59997	
3	2903	-70.59997	
3	2904	-70.59997	
3	2905	-70.59997	
3	2906	-70.59997	
3	2907	-70.59997	
3	2908	-70.59997	
3	2909	-70.59997	
3	2910	-70.59997	
3	2911	-70.59997	
3	2912	-70.59997	
3	2913	-70.59997	
3	2914	-70.59997	
3	2915	-70.59997	
3	2916	-70.59997	
3	2917	-70.59997	
3	2918	-70.59997	
3	2919	-70.59997	
3	2920	-70.59997	
3	2921	-70.59997	
3	2922	-70.59997	
3	2923	-70.59997	
3	2924	-70.59997	
3	2925	-70.59997	
3	2926	-70.59997	
3	2927	-70.59997	
3	2928	-70.59997	
3	2929	-70.59997	
3	2930	-70.59997	
3	2931	-70.59997	
3	2932	-70.59997	
3	2933	-70.59997	
3	2934	-70.59997	
3	2935	-70.59997	
3	2936	-70.59997	
3	2937	-70.59997	
3	2938	-70.59997	
3	2939	-70.59997	
3	2940	-70.59997	
3	2941	-70.59997	
3	2942	-70.59997	
3	2943	-70.59997	
3	2944	-70.59997	
3	2945	-70.59997	
3	2946	-70.59997	
3	2947	-70.59997	
3	2948	-70.59997	
3	2949	-70.59997	
3	2950	-70.59997	
3	2951	-70.59997	
3	2952	-70.59997	
3	2953	-70.59997	
3	2954	-70.59997	
3	2955	-70.59997	
3	2956	-70.59997	
3	2957	-70.59997	
3	2958	-70.59997	
3	2959	-70.59997	
3	2960	-70.59997	
3	2961	-70.59997	
3	2962	-70.59997	
3	2963	-70.59997	
3	2964	-70.59997	
3	2965	-70.59997	
3	2966	-70.59997	
3	2967	-70.59997	
3	2968	-70.59997	
3	2969	-70.59997	
3	2970	-70.59997	
3	2971	-70.59997	
3	2972	-70.59997	
3	2973	-70.59997	
3	2974	-70.59997	
3	2975	-70.59997	
3	2976	-70.59997	
3	2977	-70.59997	
3	2978	-70.59997	
3	2979	-70.59997	
3	2980	-70.59997	
3	2981	-70.59997	
3	2982	-70.59997	
3	2983	-70.59997	
3	2984	-70.59997	
3	2985	-70.59997	
3	2986	-70.59997	
3	2987	-70.59997	
3	2988	-70.59997	
3	2989	-70.59997	
3	2990	-70.59997	
